INSERT INTO batch_vaksin (Jumlah_Tersedia, Jumlah_Terpakai, Tanggal_Kadaluarsa, ID_Fasilitas_Kesehatan, ID_Jenis_Vaksin)
VALUES
  (44, 6, "2028-09-01", 10, 7),
  (4, 6, "2023-23-02", 33, 11),
  (2, 48, "2025-04-06", 77, 11),
  (200, 0, "2028-11-12", 56, 9),
  (56, 144, "2027-15-06", 97, 8),
  (109, 141, "2025-27-07", 60, 3),
  (23, 77, "2023-16-04", 29, 13),
  (21, 79, "2024-23-06", 47, 3),
  (89, 111, "2027-02-10", 23, 3),
  (201, 49, "2025-24-12", 86, 7),
  (10, 240, "2028-26-09", 27, 12),
  (31, 19, "2028-29-06", 5, 6),
  (43, 7, "2028-19-02", 81, 11),
  (34, 166, "2027-31-12", 72, 7),
  (2, 8, "2023-06-01", 9, 5),
  (167, 83, "2025-12-09", 18, 9),
  (113, 137, "2023-13-01", 89, 12),
  (31, 69, "2029-11-11", 50, 10),
  (45, 205, "2026-10-09", 82, 12),
  (0, 10, "2022-14-08", 53, 3),
  (4, 6, "2022-24-02", 17, 7),
  (26, 74, "2028-28-06", 47, 12),
  (23, 177, "2024-02-11", 59, 12),
  (9, 1, "2022-14-11", 33, 8),
  (143, 57, "2022-10-09", 26, 1),
  (8, 92, "2029-29-09", 84, 6),
  (8, 192, "2029-14-11", 14, 10),
  (88, 162, "2026-08-05", 61, 4),
  (6, 4, "2027-09-08", 42, 3),
  (86, 14, "2027-31-01", 50, 5),
  (1, 9, "2025-03-11", 42, 1),
  (248, 2, "2026-28-03", 72, 4),
  (44, 156, "2026-16-07", 96, 2),
  (9, 1, "2027-15-07", 44, 2),
  (169, 81, "2028-13-06", 71, 10),
  (2, 8, "2024-15-11", 57, 5),
  (9, 1, "2026-02-09", 65, 6),
  (70, 30, "2025-02-10", 3, 3),
  (46, 154, "2023-02-05", 42, 6),
  (120, 130, "2025-17-12", 37, 12),
  (24, 26, "2025-09-03", 27, 8),
  (16, 184, "2024-03-04", 63, 7),
  (0, 10, "2027-18-12", 62, 8),
  (7, 3, "2027-16-03", 37, 12),
  (75, 25, "2024-02-12", 8, 12),
  (102, 148, "2027-25-12", 34, 6),
  (1, 99, "2029-07-04", 52, 6),
  (66, 34, "2023-04-07", 32, 9),
  (6, 4, "2028-25-07", 80, 12),
  (40, 60, "2027-04-09", 19, 2),
  (0, 10, "2029-12-05", 61, 9),
  (198, 2, "2027-22-02", 59, 4),
  (5, 5, "2022-08-10", 69, 12),
  (183, 67, "2028-02-06", 5, 7),
  (2, 48, "2022-09-09", 84, 3),
  (7, 3, "2025-10-04", 6, 11),
  (48, 52, "2024-13-07", 8, 10),
  (35, 15, "2024-10-11", 96, 7),
  (31, 69, "2024-23-01", 21, 1),
  (112, 88, "2025-02-10", 61, 8),
  (156, 44, "2024-21-03", 59, 7),
  (92, 8, "2022-30-12", 2, 10),
  (0, 10, "2027-24-04", 28, 6),
  (230, 20, "2026-08-03", 11, 6),
  (41, 59, "2027-05-09", 91, 11),
  (5, 5, "2023-14-11", 63, 9),
  (42, 208, "2027-24-05", 32, 13),
  (192, 8, "2023-06-04", 41, 3),
  (3, 7, "2025-05-10", 69, 6),
  (42, 8, "2024-12-04", 94, 4),
  (1, 9, "2027-02-03", 98, 13),
  (31, 219, "2025-30-06", 59, 7),
  (89, 11, "2026-08-02", 36, 4),
  (4, 6, "2023-12-09", 29, 3),
  (7, 3, "2026-09-07", 64, 11),
  (90, 10, "2022-25-10", 99, 10),
  (88, 112, "2029-10-03", 94, 11),
  (7, 3, "2025-12-12", 40, 11),
  (146, 54, "2028-17-10", 63, 1),
  (21, 229, "2026-21-08", 83, 6),
  (31, 19, "2029-13-01", 11, 1),
  (9, 1, "2023-21-03", 93, 6),
  (1, 9, "2024-04-11", 88, 9),
  (213, 37, "2025-12-10", 49, 6),
  (223, 27, "2024-25-08", 7, 5),
  (49, 151, "2022-21-08", 45, 10),
  (10, 0, "2028-10-07", 21, 2),
  (21, 179, "2026-04-03", 32, 1),
  (13, 37, "2027-30-01", 61, 10),
  (31, 19, "2029-09-10", 73, 12),
  (11, 39, "2022-16-05", 68, 3),
  (5, 5, "2029-02-11", 9, 6),
  (166, 34, "2024-06-02", 46, 2),
  (7, 3, "2023-03-09", 79, 13),
  (1, 9, "2029-27-01", 89, 4),
  (188, 62, "2028-02-09", 92, 10),
  (0, 10, "2024-03-06", 60, 13),
  (55, 45, "2024-24-02", 31, 1),
  (27, 23, "2028-13-04", 11, 4),
  (19, 31, "2026-27-05", 44, 7);
