INSERT INTO batch_vaksin (Jumlah_Tersedia, Jumlah_Terpakai, Tanggal_Kadaluarsa, ID_Fasilitas_Kesehatan, ID_Jenis_Vaksin)
VALUES
	(450, 7, "2026-10-09", 82, 12),
	(0, 18, "2022-08-14", 53, 3),
	(40, 11, "2022-02-24", 17, 7),
	(260, 1, "2028-06-28", 47, 12),
	(230, 20, "2024-02-11", 59, 12),
	(90, 10, "2022-11-14", 33, 8),
	(143, 16, "2022-10-09", 26, 1),
	(200, 5, "2029-09-29", 84, 6),
	(300, 16, "2029-11-14", 14, 10),
(88, 11, "2026-08-05", 61, 4),
(160, 14, "2027-09-08", 42, 3),
(186, 18, "2027-01-31", 50, 5),
(100, 7, "2025-03-11", 42, 1),
(248, 6, "2026-03-28", 72, 4),
(244, 11, "2026-07-16", 96, 2),
(199, 8, "2027-07-15", 44, 2),
(169, 13, "2028-06-13", 71, 10),
(200, 3, "2024-11-15", 57, 5),
(209, 8, "2026-02-09", 65, 6),
(170, 7, "2025-02-10", 3, 3),
(246, 13, "2023-02-05", 42, 6),
  (120, 11, "2025-12-17", 37, 12),
  (240, 3, "2025-09-03", 27, 8),
  (160, 20, "2024-03-04", 63, 7),
  (0, 16, "2027-12-18", 62, 8),
  (173, 12, "2027-03-16", 37, 12),
  (175, 4, "2024-02-12", 8, 12),
  (102, 19, "2027-12-25", 34, 6),
  (193, 16, "2029-07-04", 52, 6),
  (366, 16, "2023-04-07", 32, 9),
  (446, 16, "2028-07-25", 80, 12),
  (400, 18, "2027-04-09", 19, 2),
  (99, 1, "2029-12-05", 61, 9),
  (198, 5, "2027-02-22", 59, 4),
  (145, 6, "2022-08-10", 69, 12),
  (183, 13, "2028-02-06", 5, 7),
  (200, 13, "2022-09-09", 84, 3),
  (177, 7, "2025-10-04", 6, 11),
  (480, 19, "2024-07-13", 8, 10),
  (350, 19, "2024-10-11", 96, 7),
  (310, 1, "2024-01-23", 21, 1),
  (112, 16, "2025-02-10", 61, 8),
  (156, 19, "2024-03-21", 59, 7),
  (92, 17, "2022-12-30", 2, 10),
  (200, 19, "2027-04-24", 28, 6),
  (230, 16, "2026-08-03", 11, 6),
  (141, 7, "2027-05-09", 91, 11),
  (185, 16, "2023-11-14", 63, 9),
  (420, 15, "2027-05-24", 32, 9),
  (192, 1, "2023-06-04", 41, 3),
  (300, 2, "2025-05-10", 69, 6),
  (420, 10, "2024-12-04", 94, 4),
  (100, 0, "2027-02-03", 98, 8),
  (310, 0, "2025-06-30", 59, 7),
  (389, 0, "2026-08-02", 36, 4),
  (400, 0, "2023-12-09", 29, 3),
  (447, 0, "2026-09-07", 64, 11),
  (190, 0, "2022-10-25", 99, 10),
  (288, 0, "2029-10-03", 94, 11),
  (197, 0, "2025-12-12", 40, 11),
  (146, 0, "2028-10-17", 63, 1),
  (210, 0, "2026-08-21", 83, 6),
  (310, 0, "2029-12-01", 11, 1),
  (199, 0, "2023-03-21", 93, 6),
  (100, 0, "2024-04-11", 88, 9),
  (213, 0, "2025-12-10", 49, 6),
  (223, 0, "2024-08-25", 7, 5),
  (490, 0, "2022-08-21", 45, 10),
  (100, 0, "2028-10-07", 21, 2),
  (210, 0, "2026-04-03", 32, 1),
  (130, 0, "2027-01-30", 61, 10),
  (310, 0, "2029-09-10", 73, 12),
  (110, 0, "2022-05-15", 68, 3),
  (500, 0, "2029-02-11", 9, 6),
  (166, 0, "2024-06-02", 46, 2),
  (370, 0, "2023-03-09", 79, 12),
  (100, 0, "2029-01-27", 89, 4),
  (188, 0, "2028-02-09", 92, 10),
  (100, 0, "2024-03-06", 60, 12),
  (550, 0, "2024-02-24", 31, 1),
  (270, 0, "2028-04-13", 11, 4),
  (190, 0, "2026-05-05", 44, 7);